 295
  0.100000001
  0.153330848
  0.153837606
  0.155644208
  0.155554533
  0.153960556
  0.155670926
  0.155088738
  0.150249183
  0.153348833
  0.158311829
  0.155468836
  0.152928948
  0.154204369
  0.156444952
  0.153543621
  0.149978474
  0.155296743
  0.158147693
  0.154384002
  0.152094439
  0.152225599
  0.153668299
  0.155754
  0.155439571
  0.152471364
  0.152291015
  0.154500484
  0.155971766
  0.15525873
  0.153912574
  0.153935075
  0.153858975
  0.154041365
  0.155613944
  0.155608371
  0.154056624
  0.15395166
  0.153754979
  0.153739184
  0.156883121
  0.157340854
  0.15287815
  0.15173085
  0.154889628
  0.158026844
  0.155666173
  0.151834726
  0.152971908
  0.154988334
  0.156042919
  0.156724021
  0.154333189
  0.151903212
  0.156066567
  0.157341272
  0.152595535
  0.15207763
  0.154801458
  0.156126782
  0.154630169
  0.154343739
  0.157465354
  0.157039911
  0.153790727
  0.153065532
  0.155966163
  0.157999992
  0.153918415
  0.152277157
  0.155713499
  0.156735867
  0.155509278
  0.154202729
  0.153679788
  0.154233068
  0.155583352
  0.156676129
  0.155644476
  0.152514204
  0.152986869
  0.156136885
  0.156647637
  0.155080155
  0.153979406
  0.155396089
  0.155684531
  0.154088825
  0.154875115
  0.156210914
  0.156052411
  0.156122103
  0.155835465
  0.154415101
  0.153820261
  0.154001102
  0.153867766
  0.154527068
  0.156000137
  0.15674445
  0.154617041
  0.151983976
  0.154493451
  0.155633733
  0.152430549
  0.152305841
  0.154643431
  0.155989841
  0.155236632
  0.15381071
  0.153665632
  0.154980764
  0.156007722
  0.154899865
  0.1529679
  0.152000427
  0.153067768
  0.15479444
  0.155957624
  0.156231716
  0.1557298
  0.154373437
  0.152175605
  0.152670637
  0.155826762
  0.154074773
  0.152115107
  0.155205056
  0.155892044
  0.153760701
  0.152415723
  0.151472077
  0.152140707
  0.155336007
  0.155130759
  0.152039692
  0.152287245
  0.155992687
  0.158155844
  0.153007448
  0.150053218
  0.153559223
  0.154241189
  0.154399097
  0.156110927
  0.15369606
  0.152312085
  0.155772075
  0.153393149
  0.150068164
  0.154489234
  0.156103626
  0.153915435
  0.153884068
  0.153689548
  0.153955519
  0.157366991
  0.15666844
  0.152224392
  0.153905705
  0.156171545
  0.154372618
  0.153730765
  0.153969392
  0.153770998
  0.155273214
  0.155782238
  0.152860194
  0.152088508
  0.1541785
  0.155790702
  0.155715451
  0.154043198
  0.152078018
  0.152859703
  0.155825153
  0.156601697
  0.155507773
  0.154180512
  0.153737128
  0.154174387
  0.155414566
  0.157749459
  0.15757148
  0.153155982
  0.152490869
  0.156230971
  0.158536449
  0.156085953
  0.152110249
  0.153700694
  0.157197475
  0.158149779
  0.156071991
  0.153474078
  0.153343052
  0.15694508
  0.160280704
  0.159232959
  0.156142876
  0.154001236
  0.154765785
  0.157158315
  0.158136502
  0.155211791
  0.154519409
  0.157742113
  0.156336352
  0.153883129
  0.155457109
  0.156088337
  0.156107351
  0.157852933
  0.156892598
  0.154057398
  0.154590085
  0.157054558
  0.15814212
  0.15568687
  0.153946131
  0.155566096
  0.156416222
  0.155871704
  0.155626908
  0.157235473
  0.157904863
  0.154775053
  0.154967666
  0.15796259
  0.155805349
  0.153881088
  0.155670509
  0.156532168
  0.155675203
  0.154307917
  0.153696582
  0.154123411
  0.154494628
  0.152293563
  0.152325675
  0.158790722
  0.157728329
  0.152037039
  0.156026363
  0.15683119
  0.15056093
  0.150635615
  0.156222612
  0.160103023
  0.156150579
  0.151571661
  0.15315634
  0.155328497
  0.156061798
  0.156124428
  0.155732781
  0.156051025
  0.157767862
  0.157217786
  0.154254183
  0.152619332
  0.151566952
  0.151595563
  0.155802935
  0.157846704
  0.154668152
  0.153734043
  0.153799087
  0.152092949
  0.153345674
  0.156299353
  0.156667963
  0.154487997
  0.151968598
  0.151602775
  0.152539745
  0.153965741
  0.155587301
  0.15583232
  0.154253796
  0.152304873
  0.152404919
  0.153982416
  0.152679011
  0.152458474
  0.155558601
  0.155524224
  0.153791621
  0.153857514
  0.154053688
  0.154015303
  0.154150069
  0.153407276
  0.15194504
  0.15196687
  0.158702224
  0.178043753
