 291
  0.100000001
  0.187670037
  0.192894518
  0.188644305
  0.177028969
  0.175382778
  0.184214324
  0.186998293
  0.182644904
  0.17845872
  0.180386379
  0.189276546
  0.190758407
  0.179618314
  0.173748389
  0.179608449
  0.183194652
  0.182095855
  0.183058381
  0.184049025
  0.180759102
  0.177921668
  0.179883137
  0.182784632
  0.183850095
  0.184099376
  0.18408823
  0.183614597
  0.182314619
  0.179982454
  0.177975863
  0.17803891
  0.18099606
  0.185252205
  0.185028031
  0.18087773
  0.180860147
  0.185134202
  0.187765405
  0.18802692
  0.187436119
  0.185913712
  0.183424488
  0.181900665
  0.182706267
  0.184821054
  0.186311767
  0.184603065
  0.180877998
  0.179522768
  0.180004522
  0.179373279
  0.180172265
  0.184436724
  0.185542405
  0.180654943
  0.177394882
  0.178960815
  0.181409687
  0.182146952
  0.180329621
  0.177999973
  0.177571908
  0.178113982
  0.178269625
  0.177574962
  0.176346332
  0.175632089
  0.17591393
  0.177090719
  0.178073928
  0.178088367
  0.178042307
  0.178166866
  0.177409336
  0.176163465
  0.175832599
  0.176000312
  0.175865665
  0.176195204
  0.176625609
  0.174346119
  0.170555606
  0.169916168
  0.172165319
  0.174797669
  0.176320508
  0.176287055
  0.175486118
  0.174269453
  0.172712162
  0.17201519
  0.173081055
  0.174364641
  0.17442517
  0.172856003
  0.171882808
  0.174347445
  0.175911263
  0.173281685
  0.172080055
  0.17376712
  0.17323117
  0.171970189
  0.174198225
  0.176076442
  0.174691513
  0.1740897
  0.17557478
  0.176584944
  0.176054567
  0.174380124
  0.174250573
  0.176799059
  0.178367585
  0.178043842
  0.178465724
  0.179859847
  0.180808589
  0.179761246
  0.176290795
  0.173399746
  0.173258781
  0.17546086
  0.17782563
  0.177495494
  0.175956756
  0.175690129
  0.176128209
  0.177001819
  0.179627001
  0.182046026
  0.179864883
  0.176151216
  0.176413879
  0.178181052
  0.178255633
  0.17795904
  0.178057015
  0.177640975
  0.176324174
  0.174457312
  0.174068704
  0.176469609
  0.178261638
  0.177972391
  0.178625256
  0.179968119
  0.179037601
  0.177978262
  0.180094644
  0.182140321
  0.181194484
  0.1794516
  0.178396106
  0.177440971
  0.176276684
  0.175176874
  0.176054865
  0.17998378
  0.182005659
  0.179583773
  0.177355886
  0.177598178
  0.178903669
  0.179946691
  0.179702729
  0.177780315
  0.174863234
  0.174277395
  0.1768893
  0.17868045
  0.178264588
  0.176922515
  0.175998688
  0.176194593
  0.175696045
  0.174090818
  0.174855813
  0.177580193
  0.177964732
  0.177935869
  0.180903718
  0.181632027
  0.176821426
  0.173426718
  0.17490764
  0.177591637
  0.178220689
  0.175336823
  0.174147367
  0.178380698
  0.17933017
  0.17400758
  0.171466082
  0.173555166
  0.17533277
  0.176042527
  0.176363125
  0.175580904
  0.174142286
  0.174594581
  0.175971672
  0.17496945
  0.174035087
  0.176236123
  0.178462759
  0.178451538
  0.17736055
  0.176212952
  0.175612703
  0.176000595
  0.177339628
  0.177987099
  0.176928848
  0.17520839
  0.174058348
  0.174495623
  0.175943017
  0.177169204
  0.178209305
  0.178719178
  0.176808357
  0.174043506
  0.175883815
  0.179808602
  0.179401726
  0.178005457
  0.179495186
  0.179525942
  0.176703408
  0.176557645
  0.179430887
  0.180672958
  0.180035785
  0.178845793
  0.175117314
  0.169180706
  0.169279605
  0.176222771
  0.180424795
  0.180098996
  0.177991867
  0.175719261
  0.174294531
  0.174050823
  0.174231023
  0.173005044
  0.171943203
  0.173962057
  0.176213428
  0.176119328
  0.176291943
  0.177641883
  0.178224117
  0.178013906
  0.17809023
  0.177944288
  0.176915154
  0.175593212
  0.174457088
  0.173425645
  0.17225197
  0.17076461
  0.1700003
  0.17146869
  0.176446453
  0.181720853
  0.179184854
  0.171165079
  0.166125253
  0.166334152
  0.170202479
  0.172767416
  0.172311008
  0.170996204
  0.169971481
  0.169237241
  0.166934967
  0.165057465
  0.170783803
  0.176000595
  0.168892652
  0.164169326
  0.170268074
  0.171006992
  0.166254237
  0.167929128
  0.172972962
  0.174904704
  0.171825156
  0.167962596
  0.173121586
