 358
  0.0199999996
  0.023266552
  0.0236300007
  0.0252757594
  0.0246264804
  0.0248805936
  0.0259460248
  0.0246455055
  0.0225959197
  0.0238467418
  0.0262056645
  0.0240525175
  0.0250180382
  0.0273752231
  0.02564965
  0.0224614013
  0.0263647251
  0.0229413435
  0.0215618573
  0.0247580428
  0.0247841813
  0.0240492821
  0.0251537766
  0.0259589907
  0.0238992237
  0.0234025102
  0.0267758332
  0.0252108872
  0.0251184739
  0.0227565356
  0.0219852775
  0.0241526905
  0.0208458435
  0.021711316
  0.025710972
  0.025884673
  0.0255385768
  0.0258307625
  0.0236132946
  0.0219321102
  0.0237456094
  0.0245430339
  0.0226483438
  0.0234510731
  0.0263134819
  0.0239298418
  0.0240544844
  0.0259225238
  0.02472727
  0.0222200807
  0.0233368482
  0.0242525619
  0.0248533152
  0.0230610874
  0.0236220304
  0.0263895374
  0.0253419299
  0.0227902401
  0.0236730445
  0.0239509158
  0.0217405222
  0.0229142699
  0.0256350376
  0.0220854208
  0.0236602277
  0.0262415819
  0.0238417238
  0.0229870714
  0.0273561534
  0.0259163696
  0.0222462118
  0.0243445989
  0.0252280869
  0.0216828287
  0.0228913017
  0.0249122307
  0.0230663344
  0.0227600504
  0.0253561828
  0.0257934481
  0.0237766858
  0.0259584002
  0.023428198
  0.0222671721
  0.0239282567
  0.023614686
  0.0228836909
  0.0249267593
  0.0246788561
  0.0233324412
  0.0253119152
  0.0261315871
  0.0222650841
  0.0252214819
  0.024062831
  0.0245879665
  0.0266677029
  0.0251785722
  0.0255720727
  0.0252635926
  0.0235905647
  0.0241344459
  0.0262971073
  0.0243769214
  0.0254903622
  0.026563989
  0.0261881426
  0.0265699755
  0.0234065522
  0.0244529936
  0.0263125692
  0.0248975195
  0.0246217102
  0.0250754021
  0.0242768209
  0.0243349187
  0.0254547745
  0.0246257093
  0.0230770335
  0.0246031396
  0.0284153614
  0.0284170397
  0.0225105863
  0.0251408331
  0.028415069
  0.0270321704
  0.0244537387
  0.0241550785
  0.0236101467
  0.0228256378
  0.02314285
  0.0248958096
  0.0259778034
  0.0234961957
  0.0237169564
  0.0237065498
  0.0216093678
  0.015240307
  0.018123813
  0.0298705436
  0.0240460038
  0.0152685596
  0.0238911416
  0.026931582
  0.0221653879
  0.016970722
  0.0312534533
  0.0261179227
  0.0183690153
  0.0242402479
  0.0266386401
  0.0224479679
  0.0243157651
  0.0285094343
  0.0212511849
  0.0203404799
  0.0269125756
  0.0225202329
  0.0222249646
  0.0250502508
  0.0225289389
  0.0226277765
  0.0237116218
  0.0232221652
  0.0237088222
  0.0216894038
  0.0224198829
  0.0244004205
  0.0219312757
  0.0239793062
  0.026663648
  0.0224659778
  0.0222171191
  0.0270070769
  0.0254249088
  0.0230283737
  0.0251311548
  0.024737617
  0.0211800523
  0.0236422513
  0.0244177412
  0.0239847526
  0.0225785282
  0.021866288
  0.0255598072
  0.024899479
  0.0226365849
  0.0245394502
  0.0266889166
  0.0245158467
  0.0228474475
  0.0260743294
  0.0237931982
  0.0218866635
  0.0245994329
  0.024983665
  0.0227790214
  0.0230908636
  0.0223643389
  0.0244654045
  0.0246619266
  0.0229827613
  0.0248927176
  0.0228246376
  0.0245526172
  0.0247280225
  0.0227206945
  0.0221815947
  0.0238462631
  0.0254209824
  0.0205714963
  0.0248156525
  0.0257123094
  0.0230962057
  0.0243900623
  0.0234409273
  0.0230560675
  0.0247382075
  0.0252030902
  0.0241454057
  0.0229341052
  0.021871265
  0.0237924047
  0.02643051
  0.0249747597
  0.0225618295
  0.0232548714
  0.0230279472
  0.0216607004
  0.0269737057
  0.0269076079
  0.023311723
  0.0235915035
  0.02455304
  0.0241916087
  0.0235310122
  0.0266683046
  0.0276152659
  0.0223589875
  0.0243580602
  0.0259062201
  0.0221174657
  0.0218559373
  0.0263847709
  0.0265000891
  0.0234339703
  0.0247626603
  0.025510978
  0.0233129691
  0.0232724324
  0.0248821676
  0.024003014
  0.0217154082
  0.0228449982
  0.0240673162
  0.0230946429
  0.0241377
  0.0263828803
  0.0252484735
  0.0243290719
  0.0249080677
  0.0245825555
  0.0247742441
  0.0256301388
  0.0254584365
  0.0234669968
  0.0223776065
  0.0243791714
  0.0245401636
  0.0226747971
  0.0238330588
  0.0264043529
  0.0253939908
  0.0229842812
  0.0276896134
  0.0251627713
  0.0212909486
  0.0245148297
  0.0235685054
  0.0225956962
  0.022075424
  0.0220192187
  0.0244990271
  0.0255993959
  0.0240376238
  0.0241962895
  0.0251879692
  0.0267249309
  0.0265284441
  0.0244239736
  0.023614062
  0.0232070871
  0.0219080839
  0.0231331326
  0.025398599
  0.0252818614
  0.0237384308
  0.0243827198
  0.0246929936
  0.0222593267
  0.0234691221
  0.0255310033
  0.0211750772
  0.0223927926
  0.0264142323
  0.0214859713
  0.0229080431
  0.0258332025
  0.0221987292
  0.02357403
  0.0269871615
  0.0234171208
  0.0230349284
  0.0265564006
  0.0260893367
  0.0234033111
  0.0239772703
  0.0256796833
  0.0241585989
  0.0228487439
  0.0247736555
  0.0214392114
  0.0243081618
  0.0235619619
  0.0214073602
  0.0241265688
  0.024919074
  0.0210042596
  0.0246920437
  0.0268972591
  0.0240180008
  0.0230651442
  0.0258864611
  0.0250953268
  0.022804575
  0.0251553543
  0.0251285788
  0.0227472242
  0.0234709512
  0.0222738981
  0.0231935121
  0.0264448132
  0.0254612528
  0.0218305346
  0.0220192187
  0.0242767911
  0.0255616773
  0.0254882518
  0.0242816545
  0.0236546081
  0.0241380855
  0.0241819452
  0.0249691196
  0.0253720041
  0.0252111107
  0.0245450232
  0.0239913426
  0.0256509483
  0.024357561
  0.023466846
