 400
  0.3
  13.03899
  12.87537
  12.98445
  13.03899
  12.76629
  12.92991
  13.4753
  13.39349
  13.20261
  13.58438
  13.63892
  13.09353
  13.25715
  13.31169
  12.90264
  13.20261
  13.39349
  13.01172
  12.95718
  13.31169
  13.31169
  12.98445
  13.25715
  13.50257
  13.22988
  13.58438
  13.77527
  13.33895
  13.22988
  13.44803
  13.33895
  12.95718
  13.1208
  13.14807
  12.92991
  13.03899
  12.98445
  12.73902
  12.68448
  12.73902
  12.62994
  12.60267
  12.71175
  12.82083
  12.71175
  12.8481
  12.8481
  12.71175
  12.79356
  12.82083
  12.71175
  12.76629
  12.87537
  12.82083
  12.90264
  12.90264
  12.82083
  12.79356
  12.90264
  12.92991
  12.8481
  12.95718
  13.03899
  13.03899
  13.01172
  12.98445
  12.79356
  12.79356
  12.79356
  12.62994
  12.5754
  12.65721
  12.62994
  12.5754
  12.5754
  12.49359
  12.35724
  12.24816
  12.35724
  12.35724
  12.32997
  12.41178
  12.38451
  12.38451
  12.49359
  12.41178
  12.35724
  12.54813
  12.49359
  12.38451
  12.24816
  12.24816
  12.22089
  12.19362
  12.13908
  12.22089
  12.24816
  12.16636
  12.24816
  12.24816
  12.19362
  12.41178
  12.49359
  12.46632
  12.52086
  12.5754
  12.54813
  12.5754
  12.65721
  12.60267
  12.49359
  12.52086
  12.60267
  12.54813
  12.49359
  12.5754
  12.54813
  12.5754
  12.71175
  12.73902
  12.73902
  12.87537
  12.92991
  12.79356
  12.82083
  12.95718
  12.98445
  12.87537
  12.98445
  12.92991
  12.82083
  12.95718
  13.01172
  12.95718
  12.98445
  13.09353
  13.06626
  12.95718
  13.06626
  13.1208
  13.1208
  13.20261
  13.22988
  13.09353
  13.09353
  13.09353
  13.06626
  12.90264
  12.90264
  12.92991
  12.76629
  12.79356
  12.8481
  12.82083
  12.87537
  13.06626
  13.1208
  13.01172
  13.01172
  12.98445
  12.87537
  12.98445
  13.06626
  12.95718
  12.95718
  12.95718
  12.90264
  12.73902
  12.79356
  12.8481
  12.73902
  12.79356
  12.8481
  12.73902
  12.76629
  12.90264
  12.82083
  12.71175
  12.71175
  12.73902
  12.68448
  12.73902
  12.71175
  12.76629
  12.90264
  12.87537
  12.76629
  12.68448
  12.65721
  12.5754
  12.54813
  12.54813
  12.49359
  12.41178
  12.43905
  12.46632
  12.43905
  12.52086
  12.49359
  12.43905
  12.35724
  12.32997
  12.22089
  12.19362
  12.24816
  12.3027
  12.27543
  12.11182
  12.24816
  12.3027
  12.24816
  12.3027
  12.27543
  12.11182
  12.11182
  12.16636
  12.11182
  12.13908
  12.16636
  12.11182
  12.16636
  12.22089
  12.22089
  12.13908
  12.19362
  12.35724
  12.27543
  12.19362
  12.16636
  12.08455
  11.97547
  11.97547
  11.97547
  11.86639
  11.89366
  11.78458
  11.70277
  11.6755
  11.83912
  11.97547
  11.97547
  12.11182
  12.08455
  12.00274
  12.08455
  12.11182
  12.08455
  12.05728
  12.03001
  12.05728
  12.11182
  12.05728
  11.92093
  11.89366
  12.03001
  12.05728
  12.08455
  12.16636
  12.16636
  12.13908
  12.16636
  12.22089
  12.19362
  12.27543
  12.35724
  12.3027
  12.24816
  12.3027
  12.19362
  12.27543
  12.49359
  12.62994
  12.62994
  12.62994
  12.65721
  12.62994
  12.60267
  12.65721
  12.60267
  12.54813
  12.5754
  12.52086
  12.49359
  12.46632
  12.49359
  12.46632
  12.52086
  12.76629
  12.90264
  12.90264
  12.90264
  12.8481
  12.76629
  12.82083
  12.87537
  12.90264
  12.76629
  12.82083
  12.76629
  12.76629
  12.8481
  12.8481
  12.79356
  12.76629
  12.76629
  12.73902
  12.73902
  12.60267
  12.49359
  12.38451
  12.38451
  12.41178
  12.38451
  12.32997
  12.3027
  12.27543
  12.11182
  12.08455
  12.00274
  12.00274
  11.97547
  12.05728
  12.03001
  11.78458
  11.92093
  11.97547
  11.86639
  11.81185
  11.9482
  11.97547
  11.86639
  12.03001
  11.86639
  11.45734
  11.70277
  11.78458
  11.56642
  11.56642
  11.70277
  11.70277
  11.62096
  11.75731
  11.75731
  11.6755
  11.75731
  11.83912
  11.81185
  11.92093
  11.97547
  11.92093
  11.97547
  12.08455
  11.92093
  11.73004
  11.81185
  11.86639
  11.83912
  11.86639
  11.81185
  11.78458
  11.75731
  11.70277
  11.59369
  11.6755
  11.75731
  11.86639
  12.00274
  12.03001
  12.00274
  12.00274
  12.13908
  12.16636
  12.19362
  12.3027
  12.3027
  12.24816
  12.24816
  12.27543
  12.3027
  12.38451
  12.46632
  12.54813
  12.52086
  12.60267
  12.5754
  12.54813
  12.52086
  12.52086
  12.49359
  12.5754
  12.62994
  12.60267
  12.46632
  12.38451
  12.43905
  12.38451
  12.27543
  12.24816
  12.22089
  12.13908
