 400
  0.19
  9.739345
  9.766614
  10.5029
  11.48461
  9.957502
  9.357567
  9.303028
  9.875693
  11.15737
  10.31201
  9.493917
  9.439377
  10.01204
  11.45734
  10.66652
  9.193949
  8.866712
  8.893981
  9.602995
  10.72106
  9.330297
  8.621284
  8.621284
  9.03033
  10.5029
  9.793883
  8.839441
  8.730362
  8.893981
  9.766614
  10.14839
  9.112139
  8.839441
  8.948521
  9.575726
  10.61198
  9.684805
  9.221218
  9.275758
  9.684805
  10.83014
  10.66652
  9.984772
  9.957502
  10.20293
  10.99375
  11.32099
  10.39382
  10.17566
  10.25747
  10.91194
  11.83912
  10.96648
  10.42109
  10.5029
  10.91194
  12.00274
  11.83912
  11.10283
  11.02102
  11.10283
  11.70277
  12.22089
  11.34826
  11.1301
  11.21191
  11.51188
  12.49359
  12.03001
  11.59369
  11.64823
  11.92093
  12.73902
  12.76629
  12.16636
  12.11182
  12.19362
  12.68448
  13.42076
  12.68448
  12.38451
  12.43905
  12.82083
  13.61165
  13.20261
  12.87537
  12.87537
  13.01172
  13.58438
  13.69346
  12.87537
  12.68448
  12.79356
  13.09353
  13.93889
  13.22988
  12.79356
  12.76629
  12.95718
  13.96616
  13.748
  12.92991
  12.76629
  12.8481
  13.4753
  14.07524
  13.14807
  12.82083
  12.87537
  13.42076
  14.12978
  13.33895
  13.03899
  13.14807
  13.55711
  14.15705
  13.93889
  13.33895
  13.25715
  13.42076
  14.10251
  14.2934
  13.28442
  12.98445
  12.98445
  13.52984
  14.42975
  13.748
  12.92991
  12.79356
  12.87537
  13.72073
  13.66619
  12.65721
  12.41178
  12.38451
  12.90264
  13.88435
  12.76629
  12.22089
  12.16636
  12.46632
  13.52984
  12.98445
  12.27543
  12.16636
  12.32997
  13.14807
  13.20261
  12.03001
  11.62096
  11.53915
  12.32997
  13.25715
  11.89366
  11.10283
  10.93921
  11.29372
  12.73902
  12.13908
  10.7756
  10.5029
  10.72106
  11.86639
  12.19362
  10.61198
  10.01204
  9.957502
  10.53017
  12.03001
  10.61198
  9.602995
  9.521186
  9.766614
  11.21191
  11.32099
  9.902963
  9.630265
  9.848423
  11.04829
  11.59369
  10.17566
  9.712074
  9.766614
  10.55744
  11.83912
  10.83014
  9.821154
  9.766614
  10.12112
  11.51188
  11.56642
  10.33928
  10.09385
  10.14839
  10.91194
  11.9482
  10.5029
  9.875693
  9.848423
  10.25747
  11.73004
  11.04829
  10.03931
  9.957502
  10.17566
  11.23918
  12.03001
  10.8574
  10.58471
  10.7756
  11.48461
  12.24816
  11.29372
  10.88468
  10.99375
  11.43007
  12.46632
  12.22089
  11.32099
  11.26645
  11.51188
  12.49359
  12.76629
  11.86639
  11.81185
  11.97547
  12.54813
  13.17534
  12.46632
  11.97547
  11.92093
  12.13908
  12.98445
  12.87537
  12.13908
  12.03001
  12.13908
  12.87537
  13.69346
  12.73902
  12.49359
  12.60267
  13.22988
  13.91162
  13.25715
  12.82083
  12.79356
  13.14807
  13.96616
  14.04797
  13.14807
  12.92991
  13.01172
  13.85708
  14.53883
  13.4753
  13.09353
  13.17534
  13.4753
  14.15705
  13.82981
  13.1208
  12.95718
  13.03899
  13.69346
  14.0207
  13.14807
  12.87537
  12.90264
  13.33895
  14.37521
  13.748
  13.36623
  13.42076
  13.69346
  14.5661
  14.15705
  13.52984
  13.42076
  13.52984
  14.21159
  14.70244
  13.69346
  13.28442
  13.28442
  13.69346
  14.45702
  13.69346
  13.20261
  13.03899
  13.17534
  14.04797
  13.77527
  12.71175
  12.41178
  12.43905
  13.1208
  13.96616
  12.62994
  11.97547
  11.92093
  12.35724
  13.63892
  12.73902
  11.78458
  11.64823
  11.81185
  12.79356
  12.87537
  11.48461
  11.10283
  11.1301
  11.9482
  13.14807
  11.48461
  10.7756
  10.7756
  11.45734
  12.73902
  12.03001
  10.7756
  10.47563
  10.58471
  11.6755
  12.13908
  10.36655
  9.793883
  9.766614
  10.69379
  12.43905
  10.88468
  9.766614
  9.657535
  10.12112
  11.70277
  11.18464
  10.33928
  10.31201
  10.20293
  10.20293
  10.39382
  10.33928
  10.31201
  10.25747
  10.25747
  10.47563
  10.47563
  10.36655
  10.33928
  10.31201
  10.5029
  10.55744
  10.36655
  10.2302
  10.2302
  10.20293
  10.33928
  10.28474
  10.2302
  10.25747
  10.25747
  10.39382
  10.61198
  10.61198
  10.66652
  10.69379
  10.80287
  10.91194
  10.8574
  10.7756
  10.8574
  10.91194
  11.10283
  11.1301
  11.07556
  11.15737
  11.26645
  11.64823
  11.86639
  11.83912
  11.81185
  11.83912
  12.00274
  12.22089
  12.03001
  11.9482
  11.89366
  11.9482
  12.19362
  12.16636
  11.97547
  11.97547
  12.03001
  12.3027
  12.43905
  12.3027
  12.22089
  12.22089
  12.38451
