 365
  0.5
  0.765370429
  0.755828977
  0.753299952
  0.742029846
  0.72192049
  0.716986895
  0.714568257
  0.710825741
  0.714119315
  0.727002859
  0.742483437
  0.756409228
  0.776596189
  0.789361954
  0.784217656
  0.788059771
  0.799926937
  0.800172925
  0.80235374
  0.813841283
  0.82314229
  0.828185976
  0.830089331
  0.823512852
  0.812368512
  0.809936047
  0.810974121
  0.80748719
  0.803155422
  0.800029814
  0.798491836
  0.802336037
  0.806427717
  0.796440005
  0.789111793
  0.797903299
  0.79714644
  0.788816452
  0.793340385
  0.805051327
  0.811568797
  0.803839505
  0.801440895
  0.81717205
  0.82177484
  0.811727047
  0.806507707
  0.804996014
  0.798402846
  0.777803361
  0.749239266
  0.725699842
  0.716254413
  0.7180053
  0.722058833
  0.722946405
  0.736730874
  0.764367342
  0.784944534
  0.798435569
  0.808793068
  0.814847708
  0.816678643
  0.813003123
  0.795431852
  0.773367465
  0.770354092
  0.771569908
  0.766981304
  0.769783795
  0.781829596
  0.796596825
  0.803065777
  0.799457908
  0.793203592
  0.800573051
  0.815643489
  0.814277649
  0.812124133
  0.825732887
  0.84193176
  0.849879503
  0.84573561
  0.83761692
  0.833862305
  0.833251059
  0.83338505
  0.832705438
  0.833904266
  0.841683388
  0.860867679
  0.877795994
  0.865046978
  0.84399569
  0.846561551
  0.848530233
  0.836641133
  0.831299901
  0.838889182
  0.85346818
  0.862133861
  0.858669579
  0.851854086
  0.849630654
  0.8557899
  0.861367166
  0.858443201
  0.854022503
  0.85431087
  0.859988809
  0.855357409
  0.827223778
  0.805962145
  0.801622748
  0.788046777
  0.776941001
  0.781713963
  0.783150733
  0.783927262
  0.793111682
  0.790254414
  0.778058171
  0.779620707
  0.784362674
  0.783548594
  0.784025609
  0.791643083
  0.803590596
  0.803319931
  0.794097781
  0.791334391
  0.799564898
  0.810440004
  0.808276355
  0.806422353
  0.817269325
  0.826508284
  0.827908576
  0.823798597
  0.812549174
  0.797552228
  0.791417181
  0.788035214
  0.776977658
  0.768107355
  0.772693276
  0.79509908
  0.821201026
  0.840443254
  0.852055252
  0.85554719
  0.852108955
  0.850089967
  0.853705585
  0.857789159
  0.860740721
  0.864025354
  0.867026567
  0.866393685
  0.854094803
  0.835974991
  0.831700325
  0.826245606
  0.803014398
  0.792876482
  0.799619436
  0.798045814
  0.793567598
  0.790843248
  0.779418111
  0.772371352
  0.780707538
  0.783268213
  0.777313411
  0.77319181
  0.771670818
  0.772204697
  0.77352643
  0.768961191
  0.751467586
  0.721516252
  0.707698107
  0.711362422
  0.710854292
  0.714732647
  0.724813223
  0.736194015
  0.746200919
  0.750112414
  0.745985746
  0.738975525
  0.730650902
  0.718779743
  0.701253891
  0.692092538
  0.687906504
  0.67426753
  0.673499882
  0.679707468
  0.683519721
  0.69141537
  0.699229836
  0.70801723
  0.719917238
  0.729851782
  0.744780838
  0.767352223
  0.78473407
  0.796356857
  0.804624081
  0.803642869
  0.799959838
  0.805103779
  0.802233934
  0.786229968
  0.777923048
  0.778072357
  0.778492033
  0.774676025
  0.77243793
  0.776929915
  0.775871217
  0.772247374
  0.776800036
  0.775254846
  0.766934633
  0.766536295
  0.765018463
  0.760974467
  0.767380595
  0.772869647
  0.771820724
  0.778481781
  0.792098284
  0.806096911
  0.817418218
  0.822234452
  0.818600833
  0.817300439
  0.821793735
  0.81971395
  0.816764414
  0.823903501
  0.827837229
  0.819904804
  0.804613113
  0.785261095
  0.768646717
  0.770177603
  0.777907431
  0.771213472
  0.762699068
  0.76117295
  0.761455297
  0.741688728
  0.715336621
  0.716966629
  0.733344972
  0.745378077
  0.747597516
  0.760415971
  0.779257476
  0.789299786
  0.802291512
  0.820140004
  0.831567824
  0.832702577
  0.82567966
  0.818654239
  0.806702256
  0.780072033
  0.762313604
  0.761241436
  0.757155597
  0.756817698
  0.765255511
  0.772981346
  0.779892504
  0.784189045
  0.776566505
  0.773283601
  0.786259234
  0.784777939
  0.771764278
  0.772607863
  0.784644186
  0.798823953
  0.807520151
  0.812305629
  0.815857172
  0.817337036
  0.816649437
  0.81408298
  0.808612049
  0.804887056
  0.812422335
  0.815893233
  0.803474724
  0.80222863
  0.810938656
  0.804196537
  0.790029287
  0.78305459
  0.788327932
  0.786687195
  0.769212186
  0.772599757
  0.783261716
  0.771011233
  0.768858433
  0.783183455
  0.792039871
  0.79555279
  0.795273364
  0.788354635
  0.782734573
  0.783408046
  0.781101882
  0.777614295
  0.780175269
  0.788673222
  0.799546838
  0.80680716
  0.802115142
  0.786626518
  0.775303602
  0.772086978
  0.77267766
  0.769180059
  0.766943932
  0.773858786
  0.783540845
  0.794589341
  0.806244731
  0.799373567
  0.779346287
  0.780350327
  0.781153858
  0.76448375
  0.757882118
  0.762383819
  0.766353488
  0.765298128
  0.760009944
  0.752782285
  0.743779659
  0.738568127
  0.739334762
  0.734328449
  0.725819826
  0.729207635
  0.759983897
  0.77741152
  0.755672812
  0.742393136
  0.736231148
  0.719819605
  0.701964319
  0.690523088
  0.689119399
  0.696622252
  0.706411242
  0.711659431
  0.711164474
  0.710737109
  0.69776547
