 391
  0.5
  0.775483489
  0.773073792
  0.76095891
  0.753872395
  0.750675499
  0.737576187
  0.719991982
  0.71110779
  0.718393624
  0.725503385
  0.735449493
  0.760657132
  0.785722673
  0.804943502
  0.822902501
  0.836791515
  0.843629181
  0.84385407
  0.839298368
  0.832569838
  0.826150358
  0.819819868
  0.808960736
  0.793524206
  0.775970876
  0.756116211
  0.744405806
  0.751921713
  0.755362034
  0.755654216
  0.77325207
  0.78768605
  0.793088496
  0.807257295
  0.817308962
  0.812709749
  0.812331975
  0.816635191
  0.813570321
  0.811068892
  0.811989307
  0.804736137
  0.793099761
  0.783625126
  0.766539574
  0.749175429
  0.747564256
  0.75419122
  0.76146841
  0.767811894
  0.778466642
  0.788618505
  0.787853181
  0.792582572
  0.808058977
  0.813581467
  0.810863256
  0.810625374
  0.81126529
  0.80683744
  0.792412162
  0.781355679
  0.779053688
  0.769665837
  0.759673119
  0.756908476
  0.748464048
  0.736136019
  0.731880903
  0.745806932
  0.76541996
  0.776098728
  0.780117571
  0.784158707
  0.789847612
  0.782401085
  0.766386211
  0.758629799
  0.750759065
  0.738464773
  0.726510525
  0.716931641
  0.71015954
  0.702882409
  0.686948419
  0.674179614
  0.672223628
  0.67230767
  0.672631621
  0.684297085
  0.704904318
  0.712797105
  0.725009382
  0.745024681
  0.757389843
  0.764258027
  0.766693652
  0.7614519
  0.748932421
  0.733333349
  0.718769848
  0.698201656
  0.681278944
  0.678305984
  0.670881569
  0.663784325
  0.660368919
  0.660170853
  0.674631655
  0.690240145
  0.701366365
  0.716393769
  0.734042585
  0.745486498
  0.74524343
  0.743195117
  0.736529708
  0.720486403
  0.704366207
  0.68743211
  0.671732247
  0.663919866
  0.65054518
  0.644014537
  0.643333197
  0.629146039
  0.622785747
  0.621275365
  0.624789298
  0.634676754
  0.646949172
  0.668911636
  0.68000716
  0.677765191
  0.678914309
  0.666885257
  0.646383584
  0.63992393
  0.654196799
  0.656119764
  0.658173323
  0.660168409
  0.650552332
  0.645897746
  0.639611959
  0.629444957
  0.621480048
  0.617216051
  0.611346483
  0.615915895
  0.626574636
  0.642507136
  0.668746591
  0.678474665
  0.692310572
  0.711244226
  0.703796566
  0.699347615
  0.698639631
  0.685468793
  0.672361791
  0.660447359
  0.656022787
  0.66116643
  0.65372479
  0.64854008
  0.650539041
  0.65532285
  0.671069503
  0.686847866
  0.696029246
  0.699756682
  0.700250506
  0.699867427
  0.700016558
  0.700337172
  0.69831574
  0.692771733
  0.684446692
  0.675567329
  0.669527948
  0.665953457
  0.661718488
  0.656803131
  0.655427575
  0.655058205
  0.65028435
  0.644731879
  0.648019314
  0.660820544
  0.677777767
  0.694493592
  0.706611633
  0.719347537
  0.735918999
  0.738743544
  0.731959701
  0.728270471
  0.726007223
  0.71907711
  0.70661968
  0.697033525
  0.692886651
  0.687551916
  0.674735188
  0.664638042
  0.658370197
  0.655448794
  0.65957123
  0.673602641
  0.692507446
  0.712232411
  0.729833543
  0.732721627
  0.727423549
  0.727985501
  0.724283278
  0.713700116
  0.701594532
  0.693126261
  0.684222162
  0.670187414
  0.652726233
  0.641072512
  0.638603508
  0.638334751
  0.638804972
  0.651976824
  0.658053756
  0.666077137
  0.688362837
  0.711086273
  0.735215902
  0.737617195
  0.695626616
  0.671019495
  0.674904287
  0.683204651
  0.68479681
  0.679155767
  0.669487596
  0.661353111
  0.660547316
  0.660914063
  0.650420725
  0.63283366
  0.628561556
  0.621121585
  0.612627268
  0.611917257
  0.617188454
  0.621579468
  0.626277983
  0.629382968
  0.637261331
  0.650303304
  0.65463537
  0.659431696
  0.6599406
  0.655418754
  0.656093001
  0.649358809
  0.641299665
  0.638513505
  0.633893073
  0.620142281
  0.61253047
  0.609044611
  0.604560077
  0.606001139
  0.615474582
  0.619538665
  0.630826116
  0.649873614
  0.661031187
  0.660375535
  0.667217612
  0.671292663
  0.661209464
  0.656505525
  0.651751518
  0.637363315
  0.620659947
  0.61225915
  0.592327535
  0.588671446
  0.583404779
  0.578372598
  0.58382678
  0.583566546
  0.592888594
  0.609433591
  0.632012129
  0.64877224
  0.65604037
  0.665527761
  0.66421473
  0.660754323
  0.653969765
  0.626494646
  0.605280757
  0.591800392
  0.590648115
  0.593979895
  0.588602841
  0.588939726
  0.584966302
  0.578756094
  0.579413712
  0.587061167
  0.596993089
  0.605753899
  0.610017896
  0.618294775
  0.625736356
  0.628117263
  0.627718389
  0.627381682
  0.63121146
  0.634583175
  0.631917536
  0.627787113
  0.632570088
  0.63103056
  0.625232577
  0.621282279
  0.616602182
  0.611437023
  0.613671482
  0.62091279
  0.631518245
  0.644571424
  0.653406024
  0.660822511
  0.67079401
  0.68333447
  0.695185542
  0.707130969
  0.710293651
  0.697637677
  0.684243262
  0.672723055
  0.659488022
  0.646004796
  0.641029119
  0.633771658
  0.627202392
  0.62767601
  0.622293353
  0.628510594
  0.636484623
  0.649460971
  0.675497174
  0.683535695
  0.684396625
  0.689707279
  0.694299698
  0.691880167
  0.687881887
  0.683332205
  0.670346916
  0.663256824
  0.658823431
  0.649607182
  0.641256452
  0.628972292
  0.61567229
  0.611428022
  0.616996109
  0.621035993
  0.631668866
  0.648691237
  0.672553003
  0.70427686
  0.734438002
  0.754220843
  0.760836542
  0.759884059
  0.753343225
  0.741873622
  0.727554858
  0.710430443
  0.694901586
  0.687797546
  0.67194134
  0.650335968
  0.638888001
  0.634942532
  0.626101613
  0.621837199
  0.621168554
  0.627459407
